1 38 
0 39 
3 40 
2 4 41 
3 5 42 
4 6 43 
5 7 44 
6 8 45 
7 9 46 
8 10 47 
9 11 48 
10 49 
13 51 
12 14 52 
13 15 53 
14 16 54 
15 17 55 
16 18 56 
17 19 57 
18 20 58 
19 21 59 
20 22 60 
21 23 61 
22 24 62 
23 25 63 
24 26 64 
25 27 65 
26 28 66 
27 29 67 
28 30 68 
29 31 69 
30 32 70 
31 33 71 
32 34 72 
33 35 73 
34 36 74 
35 37 75 
36 76 
0 39 77 
1 38 78 
2 41 84 
3 40 42 85 
4 41 43 86 
5 42 44 87 
6 43 45 88 
7 44 46 89 
8 45 47 90 
9 46 48 91 
10 47 49 92 
11 48 50 93 
49 51 94 
12 50 52 95 
13 51 53 96 
14 52 54 97 
15 53 55 98 
16 54 56 99 
17 55 57 100 
18 56 58 101 
19 57 59 102 
20 58 60 103 
21 59 61 104 
22 60 62 105 
23 61 63 106 
24 62 64 107 
25 63 65 108 
26 64 66 109 
27 65 67 110 
28 66 68 111 
29 67 69 112 
30 68 70 113 
31 69 71 114 
32 70 72 115 
33 71 73 116 
34 72 74 117 
35 73 75 118 
36 74 76 119 
37 75 120 
38 78 121 
39 77 79 122 
78 80 123 
79 81 124 
80 82 125 
81 83 126 
82 84 127 
40 83 85 128 
41 84 86 129 
42 85 87 130 
43 86 88 131 
44 87 89 132 
45 88 90 133 
46 89 91 134 
47 90 92 135 
48 91 93 136 
49 92 94 137 
50 93 95 138 
51 94 96 139 
52 95 97 140 
53 96 98 141 
54 97 99 142 
55 98 100 143 
56 99 101 144 
57 100 102 145 
58 101 103 146 
59 102 104 147 
60 103 105 148 
61 104 106 149 
62 105 107 150 
63 106 108 151 
64 107 109 152 
65 108 110 153 
66 109 111 154 
67 110 112 155 
68 111 113 156 
69 112 114 157 
70 113 115 158 
71 114 116 159 
72 115 117 160 
73 116 118 161 
74 117 119 162 
75 118 120 163 
76 119 164 
77 122 165 
78 121 123 166 
79 122 124 167 
80 123 125 168 
81 124 126 169 
82 125 127 170 
83 126 128 171 
84 127 129 172 
85 128 130 173 
86 129 131 174 
87 130 132 175 
88 131 133 176 
89 132 134 177 
90 133 135 178 
91 134 136 179 
92 135 137 180 
93 136 138 181 
94 137 139 182 
95 138 140 183 
96 139 141 184 
97 140 142 185 
98 141 143 186 
99 142 144 187 
100 143 145 188 
101 144 146 189 
102 145 147 190 
103 146 148 191 
104 147 149 192 
105 148 150 193 
106 149 151 194 
107 150 152 195 
108 151 153 196 
109 152 154 197 
110 153 155 198 
111 154 156 199 
112 155 157 200 
113 156 158 201 
114 157 159 202 
115 158 160 203 
116 159 161 204 
117 160 162 205 
118 161 163 206 
119 162 164 207 
120 163 208 
121 166 209 
122 165 167 210 
123 166 168 211 
124 167 169 212 
125 168 170 213 
126 169 171 214 
127 170 172 215 
128 171 173 216 
129 172 174 217 
130 173 175 218 
131 174 176 219 
132 175 177 220 
133 176 178 221 
134 177 179 222 
135 178 180 223 
136 179 181 224 
137 180 182 225 
138 181 183 226 
139 182 184 227 
140 183 185 228 
141 184 186 229 
142 185 187 230 
143 186 188 231 
144 187 189 232 
145 188 190 233 
146 189 191 234 
147 190 192 235 
148 191 193 236 
149 192 194 237 
150 193 195 238 
151 194 196 239 
152 195 197 240 
153 196 198 241 
154 197 199 242 
155 198 200 243 
156 199 201 244 
157 200 202 245 
158 201 203 246 
159 202 204 247 
160 203 205 248 
161 204 206 249 
162 205 207 250 
163 206 208 251 
164 207 252 
165 210 253 
166 209 211 254 
167 210 212 255 
168 211 213 256 
169 212 214 257 
170 213 215 258 
171 214 216 259 
172 215 217 260 
173 216 218 261 
174 217 219 262 
175 218 220 263 
176 219 221 264 
177 220 222 265 
178 221 223 266 
179 222 224 267 
180 223 225 268 
181 224 226 269 
182 225 227 
183 226 228 270 
184 227 229 271 
185 228 230 272 
186 229 231 273 
187 230 232 274 
188 231 233 275 
189 232 234 276 
190 233 235 277 
191 234 236 278 
192 235 237 279 
193 236 238 280 
194 237 239 281 
195 238 240 282 
196 239 241 283 
197 240 242 284 
198 241 243 285 
199 242 244 286 
200 243 245 287 
201 244 246 288 
202 245 247 289 
203 246 248 
204 247 249 290 
205 248 250 291 
206 249 251 292 
207 250 252 293 
208 251 294 
209 254 295 
210 253 255 296 
211 254 256 297 
212 255 257 298 
213 256 258 299 
214 257 259 300 
215 258 260 
216 259 261 301 
217 260 262 302 
218 261 263 303 
219 262 264 304 
220 263 265 305 
221 264 266 306 
222 265 267 307 
223 266 268 308 
224 267 269 309 
225 268 310 
227 271 312 
228 270 272 313 
229 271 273 314 
230 272 274 315 
231 273 275 316 
232 274 276 317 
233 275 277 318 
234 276 278 319 
235 277 279 320 
236 278 280 321 
237 279 281 322 
238 280 282 323 
239 281 283 324 
240 282 284 325 
241 283 285 326 
242 284 286 327 
243 285 287 328 
244 286 288 329 
245 287 289 330 
246 288 331 
248 291 333 
249 290 292 334 
250 291 293 335 
251 292 294 336 
252 293 337 
253 296 338 
254 295 297 339 
255 296 298 340 
256 297 299 341 
257 298 300 342 
258 299 
260 302 344 
261 301 303 345 
262 302 304 346 
263 303 305 347 
264 304 306 348 
265 305 307 349 
266 306 308 350 
267 307 309 351 
268 308 310 352 
269 309 311 353 
310 312 354 
270 311 313 355 
271 312 314 356 
272 313 315 357 
273 314 316 358 
274 315 317 359 
275 316 318 360 
276 317 319 361 
277 318 320 362 
278 319 321 363 
279 320 322 364 
280 321 323 365 
281 322 324 366 
282 323 325 367 
283 324 326 368 
284 325 327 369 
285 326 328 370 
286 327 329 371 
287 328 330 372 
288 329 331 373 
289 330 332 374 
331 333 375 
290 332 334 376 
291 333 335 377 
292 334 336 378 
293 335 337 379 
294 336 380 
295 339 381 
296 338 340 382 
297 339 341 383 
298 340 342 384 
299 341 
344 386 
301 343 345 387 
302 344 346 388 
303 345 347 389 
304 346 348 390 
305 347 349 391 
306 348 350 392 
307 349 351 393 
308 350 352 394 
309 351 353 395 
310 352 354 396 
311 353 355 397 
312 354 356 398 
313 355 357 399 
314 356 358 400 
315 357 359 401 
316 358 360 402 
317 359 361 403 
318 360 362 404 
319 361 363 405 
320 362 364 406 
321 363 365 407 
322 364 366 408 
323 365 367 409 
324 366 368 410 
325 367 369 411 
326 368 370 412 
327 369 371 413 
328 370 372 414 
329 371 373 415 
330 372 374 416 
331 373 375 417 
332 374 376 418 
333 375 377 419 
334 376 378 420 
335 377 379 421 
336 378 380 422 
337 379 423 
338 382 424 
339 381 383 425 
340 382 384 426 
341 383 
386 428 
343 385 387 429 
344 386 388 430 
345 387 389 431 
346 388 390 432 
347 389 391 433 
348 390 392 434 
349 391 393 435 
350 392 394 436 
351 393 395 437 
352 394 396 438 
353 395 397 439 
354 396 398 440 
355 397 399 441 
356 398 400 442 
357 399 401 443 
358 400 402 444 
359 401 403 445 
360 402 404 446 
361 403 405 447 
362 404 406 448 
363 405 407 449 
364 406 408 450 
365 407 409 451 
366 408 410 452 
367 409 411 453 
368 410 412 454 
369 411 413 455 
370 412 414 456 
371 413 415 457 
372 414 416 458 
373 415 417 459 
374 416 418 460 
375 417 419 461 
376 418 420 462 
377 419 421 463 
378 420 422 464 
379 421 423 465 
380 422 466 
381 425 467 
382 424 426 468 
383 425 
428 469 
385 427 429 470 
386 428 430 471 
387 429 431 472 
388 430 432 473 
389 431 433 474 
390 432 434 475 
391 433 435 476 
392 434 436 477 
393 435 437 478 
394 436 438 479 
395 437 439 480 
396 438 440 481 
397 439 441 482 
398 440 442 483 
399 441 443 484 
400 442 444 485 
401 443 445 486 
402 444 446 487 
403 445 447 488 
404 446 448 489 
405 447 449 490 
406 448 450 491 
407 449 451 492 
408 450 452 493 
409 451 453 494 
410 452 454 495 
411 453 455 496 
412 454 456 497 
413 455 457 498 
414 456 458 499 
415 457 459 500 
416 458 460 501 
417 459 461 502 
418 460 462 503 
419 461 463 504 
420 462 464 505 
421 463 465 506 
422 464 466 507 
423 465 508 
424 468 509 
425 467 510 
427 470 513 
428 469 471 514 
429 470 472 515 
430 471 473 
431 472 474 516 
432 473 475 517 
433 474 476 518 
434 475 477 519 
435 476 478 520 
436 477 479 521 
437 478 480 522 
438 479 481 523 
439 480 482 524 
440 481 483 525 
441 482 484 526 
442 483 485 527 
443 484 486 528 
444 485 487 529 
445 486 488 530 
446 487 489 531 
447 488 490 532 
448 489 491 533 
449 490 492 534 
450 491 493 535 
451 492 494 536 
452 493 495 537 
453 494 496 538 
454 495 497 539 
455 496 498 540 
456 497 499 541 
457 498 500 542 
458 499 501 543 
459 500 502 544 
460 501 503 545 
461 502 504 546 
462 503 505 547 
463 504 506 548 
464 505 507 549 
465 506 508 550 
466 507 551 
467 510 552 
468 509 511 553 
510 512 554 
511 513 555 
469 512 514 556 
470 513 515 557 
471 514 558 
473 517 560 
474 516 518 561 
475 517 519 562 
476 518 520 563 
477 519 521 564 
478 520 522 565 
479 521 523 566 
480 522 524 567 
481 523 525 568 
482 524 526 569 
483 525 527 570 
484 526 528 571 
485 527 529 572 
486 528 530 573 
487 529 531 574 
488 530 532 575 
489 531 533 576 
490 532 534 577 
491 533 535 578 
492 534 536 579 
493 535 537 580 
494 536 538 581 
495 537 539 582 
496 538 540 583 
497 539 541 584 
498 540 542 585 
499 541 543 586 
500 542 544 587 
501 543 545 588 
502 544 546 589 
503 545 547 590 
504 546 548 591 
505 547 549 592 
506 548 550 593 
507 549 551 594 
508 550 595 
509 553 596 
510 552 554 597 
511 553 555 598 
512 554 556 599 
513 555 557 600 
514 556 558 601 
515 557 559 602 
558 560 603 
516 559 561 604 
517 560 562 605 
518 561 563 606 
519 562 564 607 
520 563 565 608 
521 564 566 609 
522 565 567 610 
523 566 568 611 
524 567 569 612 
525 568 570 613 
526 569 571 614 
527 570 572 615 
528 571 573 616 
529 572 574 617 
530 573 575 618 
531 574 576 619 
532 575 577 620 
533 576 578 621 
534 577 579 622 
535 578 580 623 
536 579 581 624 
537 580 582 625 
538 581 583 626 
539 582 584 627 
540 583 585 628 
541 584 586 629 
542 585 587 630 
543 586 588 631 
544 587 589 632 
545 588 590 633 
546 589 591 634 
547 590 592 635 
548 591 593 636 
549 592 594 637 
550 593 595 638 
551 594 639 
552 597 640 
553 596 598 641 
554 597 599 642 
555 598 600 643 
556 599 601 644 
557 600 602 645 
558 601 603 646 
559 602 604 647 
560 603 605 648 
561 604 606 649 
562 605 607 650 
563 606 608 651 
564 607 609 652 
565 608 610 653 
566 609 611 654 
567 610 612 655 
568 611 613 656 
569 612 614 657 
570 613 615 658 
571 614 616 659 
572 615 617 660 
573 616 618 661 
574 617 619 662 
575 618 620 663 
576 619 621 664 
577 620 622 665 
578 621 623 666 
579 622 624 667 
580 623 625 668 
581 624 626 669 
582 625 627 670 
583 626 628 671 
584 627 629 672 
585 628 630 673 
586 629 631 674 
587 630 632 675 
588 631 633 676 
589 632 634 677 
590 633 635 678 
591 634 636 679 
592 635 637 680 
593 636 638 681 
594 637 639 682 
595 638 683 
596 641 684 
597 640 642 685 
598 641 643 686 
599 642 644 687 
600 643 645 
601 644 646 688 
602 645 647 
603 646 648 689 
604 647 649 690 
605 648 650 691 
606 649 651 692 
607 650 652 693 
608 651 653 694 
609 652 654 695 
610 653 655 696 
611 654 656 697 
612 655 657 698 
613 656 658 699 
614 657 659 700 
615 658 660 701 
616 659 661 702 
617 660 662 703 
618 661 663 704 
619 662 664 705 
620 663 665 706 
621 664 666 707 
622 665 667 708 
623 666 668 709 
624 667 669 710 
625 668 670 711 
626 669 671 712 
627 670 672 713 
628 671 673 714 
629 672 674 715 
630 673 675 716 
631 674 676 717 
632 675 677 718 
633 676 678 719 
634 677 679 720 
635 678 680 721 
636 679 681 722 
637 680 682 723 
638 681 683 724 
639 682 725 
640 685 726 
641 684 686 727 
642 685 687 728 
643 686 729 
645 731 
647 690 733 
648 689 691 734 
649 690 692 735 
650 691 693 736 
651 692 694 737 
652 693 695 738 
653 694 696 739 
654 695 697 740 
655 696 698 741 
656 697 699 742 
657 698 700 
658 699 701 743 
659 700 702 744 
660 701 703 745 
661 702 704 746 
662 703 705 747 
663 704 706 
664 705 707 748 
665 706 708 749 
666 707 709 750 
667 708 710 751 
668 709 711 752 
669 710 712 753 
670 711 713 754 
671 712 714 755 
672 713 715 756 
673 714 716 757 
674 715 717 758 
675 716 718 759 
676 717 719 760 
677 718 720 761 
678 719 721 
679 720 722 762 
680 721 723 763 
681 722 724 764 
682 723 725 765 
683 724 766 
684 727 
685 726 728 767 
686 727 729 768 
687 728 730 769 
729 731 770 
688 730 732 771 
731 733 772 
689 732 734 773 
690 733 735 774 
691 734 736 775 
692 735 737 776 
693 736 738 777 
694 737 739 778 
695 738 740 779 
696 739 741 780 
697 740 742 781 
698 741 782 
700 744 784 
701 743 745 785 
702 744 746 786 
703 745 747 787 
704 746 788 
706 749 790 
707 748 750 791 
708 749 751 792 
709 750 752 793 
710 751 753 794 
711 752 754 795 
712 753 755 796 
713 754 756 797 
714 755 757 798 
715 756 758 799 
716 757 759 800 
717 758 760 801 
718 759 761 802 
719 760 803 
721 763 805 
722 762 764 806 
723 763 765 807 
724 764 766 808 
725 765 809 
727 768 810 
728 767 769 811 
729 768 770 812 
730 769 771 813 
731 770 772 814 
732 771 773 815 
733 772 774 816 
734 773 775 817 
735 774 776 818 
736 775 777 819 
737 776 778 820 
738 777 779 821 
739 778 780 822 
740 779 781 823 
741 780 782 824 
742 781 783 825 
782 784 826 
743 783 785 827 
744 784 786 828 
745 785 787 829 
746 786 788 830 
747 787 789 831 
788 790 832 
748 789 791 833 
749 790 792 834 
750 791 793 835 
751 792 794 836 
752 793 795 837 
753 794 796 838 
754 795 797 839 
755 796 798 840 
756 797 799 841 
757 798 800 842 
758 799 801 843 
759 800 802 844 
760 801 803 845 
761 802 804 846 
803 805 847 
762 804 806 848 
763 805 807 849 
764 806 808 850 
765 807 809 851 
766 808 852 
767 811 
768 810 812 
769 811 813 
770 812 814 853 
771 813 815 854 
772 814 816 
773 815 817 
774 816 818 
775 817 819 
776 818 820 
777 819 821 855 
778 820 822 856 
779 821 823 857 
780 822 824 858 
781 823 825 859 
782 824 826 860 
783 825 827 861 
784 826 828 862 
785 827 829 863 
786 828 830 864 
787 829 831 865 
788 830 832 866 
789 831 833 867 
790 832 834 868 
791 833 835 869 
792 834 836 870 
793 835 837 871 
794 836 838 872 
795 837 839 873 
796 838 840 874 
797 839 841 875 
798 840 842 876 
799 841 843 877 
800 842 844 878 
801 843 845 879 
802 844 846 880 
803 845 847 881 
804 846 848 882 
805 847 849 883 
806 848 850 884 
807 849 851 885 
808 850 852 886 
809 851 887 
813 854 888 
814 853 889 
820 856 891 
821 855 857 892 
822 856 858 893 
823 857 859 894 
824 858 860 895 
825 859 861 896 
826 860 862 897 
827 861 863 898 
828 862 864 899 
829 863 865 900 
830 864 866 901 
831 865 867 902 
832 866 868 903 
833 867 869 904 
834 868 870 905 
835 869 871 906 
836 870 872 907 
837 871 873 908 
838 872 874 909 
839 873 875 910 
840 874 876 911 
841 875 877 912 
842 876 878 913 
843 877 879 914 
844 878 880 915 
845 879 881 916 
846 880 882 917 
847 881 883 918 
848 882 884 919 
849 883 885 920 
850 884 886 921 
851 885 887 922 
852 886 923 
853 889 925 
854 888 926 

855 892 927 
856 891 893 928 
857 892 894 929 
858 893 895 930 
859 894 896 931 
860 895 897 932 
861 896 898 933 
862 897 899 934 
863 898 900 935 
864 899 901 936 
865 900 902 937 
866 901 903 938 
867 902 904 939 
868 903 905 940 
869 904 906 941 
870 905 907 942 
871 906 908 943 
872 907 909 944 
873 908 910 945 
874 909 911 
875 910 912 
876 911 913 946 
877 912 914 947 
878 913 915 948 
879 914 916 949 
880 915 917 950 
881 916 918 951 
882 917 919 952 
883 918 920 953 
884 919 921 954 
885 920 922 955 
886 921 923 956 
887 922 957 
925 959 
888 924 926 960 
889 925 961 
891 928 967 
892 927 929 968 
893 928 930 969 
894 929 931 970 
895 930 932 971 
896 931 933 972 
897 932 934 
898 933 935 973 
899 934 936 974 
900 935 937 975 
901 936 938 976 
902 937 939 
903 938 940 977 
904 939 941 978 
905 940 942 979 
906 941 943 980 
907 942 944 981 
908 943 945 982 
909 944 983 
912 947 985 
913 946 948 986 
914 947 949 987 
915 948 950 988 
916 949 951 989 
917 950 952 990 
918 951 953 
919 952 954 991 
920 953 955 992 
921 954 956 993 
922 955 957 994 
923 956 995 
996 
924 960 998 
925 959 961 999 
926 960 962 1000 
961 963 1001 
962 964 1002 
963 965 1003 
964 966 1004 
965 967 1005 
927 966 968 1006 
928 967 969 1007 
929 968 970 1008 
930 969 971 1009 
931 970 972 1010 
932 971 1011 
934 974 1013 
935 973 975 1014 
936 974 976 1015 
937 975 1016 
939 978 1018 
940 977 979 1019 
941 978 980 1020 
942 979 981 1021 
943 980 982 1022 
944 981 983 1023 
945 982 984 1024 
983 
946 986 1025 
947 985 987 1026 
948 986 988 1027 
949 987 989 1028 
950 988 990 1029 
951 989 1030 
953 992 1032 
954 991 993 1033 
955 992 994 1034 
956 993 995 1035 
957 994 1036 
958 997 1037 
996 998 1038 
959 997 999 1039 
960 998 1000 1040 
961 999 1001 1041 
962 1000 1002 1042 
963 1001 1003 1043 
964 1002 1004 1044 
965 1003 1005 1045 
966 1004 1006 1046 
967 1005 1007 1047 
968 1006 1008 1048 
969 1007 1009 1049 
970 1008 1010 1050 
971 1009 1011 1051 
972 1010 1012 1052 
1011 1013 1053 
973 1012 1014 1054 
974 1013 1015 1055 
975 1014 1016 1056 
976 1015 1017 1057 
1016 1018 1058 
977 1017 1019 1059 
978 1018 1020 1060 
979 1019 1021 1061 
980 1020 1022 1062 
981 1021 1023 1063 
982 1022 1024 1064 
983 1023 1065 
985 1026 1068 
986 1025 1027 1069 
987 1026 1028 1070 
988 1027 1029 1071 
989 1028 1030 1072 
990 1029 1031 1073 
1030 1032 1074 
991 1031 1033 1075 
992 1032 1034 1076 
993 1033 1035 1077 
994 1034 1036 1078 
995 1035 1079 
996 1038 1080 
997 1037 1039 1081 
998 1038 1040 1082 
999 1039 1041 1083 
1000 1040 1042 1084 
1001 1041 1043 1085 
1002 1042 1044 1086 
1003 1043 1045 1087 
1004 1044 1046 1088 
1005 1045 1047 1089 
1006 1046 1048 1090 
1007 1047 1049 1091 
1008 1048 1050 1092 
1009 1049 1051 1093 
1010 1050 1052 1094 
1011 1051 1053 1095 
1012 1052 1054 1096 
1013 1053 1055 1097 
1014 1054 1056 1098 
1015 1055 1057 1099 
1016 1056 1058 1100 
1017 1057 1059 1101 
1018 1058 1060 1102 
1019 1059 1061 1103 
1020 1060 1062 1104 
1021 1061 1063 1105 
1022 1062 1064 1106 
1023 1063 1065 1107 
1024 1064 1066 1108 
1065 1067 1109 
1066 1068 1110 
1025 1067 1069 1111 
1026 1068 1070 1112 
1027 1069 1071 1113 
1028 1070 1072 1114 
1029 1071 1073 1115 
1030 1072 1074 1116 
1031 1073 1075 1117 
1032 1074 1076 1118 
1033 1075 1077 1119 
1034 1076 1078 1120 
1035 1077 1079 1121 
1036 1078 1122 
1037 1081 1123 
1038 1080 1082 1124 
1039 1081 1083 1125 
1040 1082 1084 1126 
1041 1083 1085 1127 
1042 1084 1086 1128 
1043 1085 1087 1129 
1044 1086 1088 1130 
1045 1087 1089 1131 
1046 1088 1090 1132 
1047 1089 1091 1133 
1048 1090 1092 1134 
1049 1091 1093 1135 
1050 1092 1094 1136 
1051 1093 1095 1137 
1052 1094 1096 1138 
1053 1095 1097 1139 
1054 1096 1098 1140 
1055 1097 1099 1141 
1056 1098 1100 1142 
1057 1099 1101 1143 
1058 1100 1102 1144 
1059 1101 1103 1145 
1060 1102 1104 1146 
1061 1103 1105 1147 
1062 1104 1106 1148 
1063 1105 1107 1149 
1064 1106 1108 1150 
1065 1107 1109 1151 
1066 1108 1110 1152 
1067 1109 1111 1153 
1068 1110 1112 1154 
1069 1111 1113 1155 
1070 1112 1114 1156 
1071 1113 1115 1157 
1072 1114 1116 1158 
1073 1115 1117 1159 
1074 1116 1118 1160 
1075 1117 1119 1161 
1076 1118 1120 1162 
1077 1119 1121 1163 
1078 1120 1122 1164 
1079 1121 1165 
1080 1124 1166 
1081 1123 1125 1167 
1082 1124 1126 1168 
1083 1125 1127 1169 
1084 1126 1128 1170 
1085 1127 1129 1171 
1086 1128 1130 1172 
1087 1129 1131 1173 
1088 1130 1132 1174 
1089 1131 1133 1175 
1090 1132 1134 1176 
1091 1133 1135 1177 
1092 1134 1136 1178 
1093 1135 1137 1179 
1094 1136 1138 1180 
1095 1137 1139 1181 
1096 1138 1140 1182 
1097 1139 1141 1183 
1098 1140 1142 1184 
1099 1141 1143 1185 
1100 1142 1144 1186 
1101 1143 1145 1187 
1102 1144 1146 1188 
1103 1145 1147 1189 
1104 1146 1148 1190 
1105 1147 1149 1191 
1106 1148 1150 1192 
1107 1149 1151 1193 
1108 1150 1152 1194 
1109 1151 1153 1195 
1110 1152 1154 1196 
1111 1153 1155 1197 
1112 1154 1156 1198 
1113 1155 1157 1199 
1114 1156 1158 1200 
1115 1157 1159 1201 
1116 1158 1160 1202 
1117 1159 1161 1203 
1118 1160 1162 1204 
1119 1161 1163 1205 
1120 1162 1164 1206 
1121 1163 1165 1207 
1122 1164 1208 
1123 1167 1209 
1124 1166 1168 1210 
1125 1167 1169 1211 
1126 1168 1170 
1127 1169 1171 1212 
1128 1170 1172 1213 
1129 1171 1173 1214 
1130 1172 1174 1215 
1131 1173 1175 1216 
1132 1174 1176 1217 
1133 1175 1177 1218 
1134 1176 1178 1219 
1135 1177 1179 1220 
1136 1178 1180 1221 
1137 1179 1181 1222 
1138 1180 1182 1223 
1139 1181 1183 1224 
1140 1182 1184 1225 
1141 1183 1185 1226 
1142 1184 1186 1227 
1143 1185 1187 1228 
1144 1186 1188 1229 
1145 1187 1189 1230 
1146 1188 1190 1231 
1147 1189 1191 1232 
1148 1190 1192 1233 
1149 1191 1193 1234 
1150 1192 1194 1235 
1151 1193 1195 1236 
1152 1194 1196 1237 
1153 1195 1197 1238 
1154 1196 1198 1239 
1155 1197 1199 1240 
1156 1198 1200 1241 
1157 1199 1201 1242 
1158 1200 1202 1243 
1159 1201 1203 1244 
1160 1202 1204 1245 
1161 1203 1205 1246 
1162 1204 1206 1247 
1163 1205 1207 1248 
1164 1206 1208 1249 
1165 1207 1250 
1166 1210 1251 
1167 1209 1211 1252 
1168 1210 1253 
1170 1213 1254 
1171 1212 1214 1255 
1172 1213 1215 1256 
1173 1214 1216 1257 
1174 1215 1217 1258 
1175 1216 1218 1259 
1176 1217 1219 1260 
1177 1218 1220 1261 
1178 1219 1221 1262 
1179 1220 1222 1263 
1180 1221 1223 1264 
1181 1222 1224 1265 
1182 1223 1225 1266 
1183 1224 1226 1267 
1184 1225 1227 1268 
1185 1226 1228 1269 
1186 1227 1229 1270 
1187 1228 1230 1271 
1188 1229 1231 1272 
1189 1230 1232 1273 
1190 1231 1233 1274 
1191 1232 1234 1275 
1192 1233 1235 1276 
1193 1234 1236 1277 
1194 1235 1237 1278 
1195 1236 1238 
1196 1237 1239 
1197 1238 1240 
1198 1239 1241 
1199 1240 1242 1279 
1200 1241 1243 1280 
1201 1242 1244 1281 
1202 1243 1245 1282 
1203 1244 1246 1283 
1204 1245 1247 1284 
1205 1246 1248 1285 
1206 1247 1249 1286 
1207 1248 1250 1287 
1208 1249 1288 
1209 1252 1290 
1210 1251 1253 1291 
1211 1252 1292 
1212 1255 1294 
1213 1254 1256 1295 
1214 1255 1257 1296 
1215 1256 1258 1297 
1216 1257 1259 1298 
1217 1258 1260 1299 
1218 1259 1261 1300 
1219 1260 1262 1301 
1220 1261 1263 1302 
1221 1262 1264 1303 
1222 1263 1265 1304 
1223 1264 1266 1305 
1224 1265 1267 1306 
1225 1266 1268 1307 
1226 1267 1269 1308 
1227 1268 1270 1309 
1228 1269 1271 1310 
1229 1270 1272 1311 
1230 1271 1273 1312 
1231 1272 1274 1313 
1232 1273 1275 1314 
1233 1274 1276 1315 
1234 1275 1277 1316 
1235 1276 1278 1317 
1236 1277 1318 
1241 1280 1319 
1242 1279 1281 1320 
1243 1280 1282 1321 
1244 1281 1283 1322 
1245 1282 1284 1323 
1246 1283 1285 1324 
1247 1284 1286 1325 
1248 1285 1287 1326 
1249 1286 1288 1327 
1250 1287 1328 
1290 1329 
1251 1289 1291 1330 
1252 1290 1292 1331 
1253 1291 1293 1332 
1292 1294 1333 
1254 1293 1295 1334 
1255 1294 1296 1335 
1256 1295 1297 1336 
1257 1296 1298 1337 
1258 1297 1299 1338 
1259 1298 1300 1339 
1260 1299 1301 1340 
1261 1300 1302 1341 
1262 1301 1303 1342 
1263 1302 1304 1343 
1264 1303 1305 1344 
1265 1304 1306 1345 
1266 1305 1307 1346 
1267 1306 1308 1347 
1268 1307 1309 1348 
1269 1308 1310 1349 
1270 1309 1311 1350 
1271 1310 1312 
1272 1311 1313 1351 
1273 1312 1314 
1274 1313 1315 1352 
1275 1314 1316 1353 
1276 1315 1317 1354 
1277 1316 1318 1355 
1278 1317 1356 
1279 1320 1357 
1280 1319 1321 1358 
1281 1320 1322 1359 
1282 1321 1323 1360 
1283 1322 1324 1361 
1284 1323 1325 1362 
1285 1324 1326 1363 
1286 1325 1327 1364 
1287 1326 1328 1365 
1288 1327 1366 
1289 1330 1367 
1290 1329 1331 1368 
1291 1330 1332 1369 
1292 1331 1333 1370 
1293 1332 1334 1371 
1294 1333 1335 1372 
1295 1334 1336 1373 
1296 1335 1337 1374 
1297 1336 1338 1375 
1298 1337 1339 1376 
1299 1338 1340 1377 
1300 1339 1341 1378 
1301 1340 1342 1379 
1302 1341 1343 1380 
1303 1342 1344 1381 
1304 1343 1345 1382 
1305 1344 1346 1383 
1306 1345 1347 1384 
1307 1346 1348 1385 
1308 1347 1349 1386 
1309 1348 1350 1387 
1310 1349 1388 
1312 1390 
1314 1353 1392 
1315 1352 1354 1393 
1316 1353 1355 1394 
1317 1354 1356 1395 
1318 1355 1396 
1319 1358 1397 
1320 1357 1359 1398 
1321 1358 1360 1399 
1322 1359 1361 1400 
1323 1360 1362 1401 
1324 1361 1363 1402 
1325 1362 1364 1403 
1326 1363 1365 1404 
1327 1364 1366 1405 
1328 1365 1406 
1329 1368 1407 
1330 1367 1369 1408 
1331 1368 1370 1409 
1332 1369 1371 1410 
1333 1370 1372 1411 
1334 1371 1373 1412 
1335 1372 1374 1413 
1336 1373 1375 1414 
1337 1374 1376 1415 
1338 1375 1377 1416 
1339 1376 1378 1417 
1340 1377 1379 1418 
1341 1378 1380 1419 
1342 1379 1381 1420 
1343 1380 1382 1421 
1344 1381 1383 1422 
1345 1382 1384 1423 
1346 1383 1385 1424 
1347 1384 1386 1425 
1348 1385 1387 1426 
1349 1386 1388 
1350 1387 1389 1427 
1388 1390 1428 
1351 1389 1391 1429 
1390 1392 1430 
1352 1391 1393 1431 
1353 1392 1394 1432 
1354 1393 1395 1433 
1355 1394 1396 1434 
1356 1395 1435 
1357 1398 1436 
1358 1397 1399 1437 
1359 1398 1400 1438 
1360 1399 1401 1439 
1361 1400 1402 1440 
1362 1401 1403 1441 
1363 1402 1404 1442 
1364 1403 1405 1443 
1365 1404 1406 1444 
1366 1405 1445 
1367 1408 1446 
1368 1407 1409 1447 
1369 1408 1410 1448 
1370 1409 1411 1449 
1371 1410 1412 1450 
1372 1411 1413 1451 
1373 1412 1414 1452 
1374 1413 1415 1453 
1375 1414 1416 1454 
1376 1415 1417 1455 
1377 1416 1418 1456 
1378 1417 1419 1457 
1379 1418 1420 1458 
1380 1419 1421 1459 
1381 1420 1422 1460 
1382 1421 1423 1461 
1383 1422 1424 1462 
1384 1423 1425 1463 
1385 1424 1426 1464 
1386 1425 1465 
1388 1428 1467 
1389 1427 1429 1468 
1390 1428 1430 1469 
1391 1429 1431 1470 
1392 1430 1432 1471 
1393 1431 1433 1472 
1394 1432 1434 1473 
1395 1433 1435 1474 
1396 1434 1475 
1397 1437 1476 
1398 1436 1438 1477 
1399 1437 1439 1478 
1400 1438 1440 1479 
1401 1439 1441 1480 
1402 1440 1442 1481 
1403 1441 1443 1482 
1404 1442 1444 1483 
1405 1443 1445 1484 
1406 1444 1485 
1407 1447 1486 
1408 1446 1448 1487 
1409 1447 1449 1488 
1410 1448 1450 1489 
1411 1449 1451 1490 
1412 1450 1452 1491 
1413 1451 1453 1492 
1414 1452 1454 1493 
1415 1453 1455 1494 
1416 1454 1456 1495 
1417 1455 1457 1496 
1418 1456 1458 1497 
1419 1457 1459 1498 
1420 1458 1460 1499 
1421 1459 1461 1500 
1422 1460 1462 1501 
1423 1461 1463 
1424 1462 1464 1502 
1425 1463 1465 1503 
1426 1464 1466 1504 
1465 1467 1505 
1427 1466 1468 1506 
1428 1467 1469 1507 
1429 1468 1470 1508 
1430 1469 1471 1509 
1431 1470 1472 1510 
1432 1471 1473 1511 
1433 1472 1474 1512 
1434 1473 1475 1513 
1435 1474 1514 
1436 1477 1515 
1437 1476 1478 1516 
1438 1477 1479 1517 
1439 1478 1480 1518 
1440 1479 1481 1519 
1441 1480 1482 1520 
1442 1481 1483 1521 
1443 1482 1484 1522 
1444 1483 1485 1523 
1445 1484 1524 
1446 1487 1525 
1447 1486 1488 1526 
1448 1487 1489 1527 
1449 1488 1490 1528 
1450 1489 1491 1529 
1451 1490 1492 1530 
1452 1491 1493 1531 
1453 1492 1494 1532 
1454 1493 1495 1533 
1455 1494 1496 1534 
1456 1495 1497 1535 
1457 1496 1498 1536 
1458 1497 1499 1537 
1459 1498 1500 1538 
1460 1499 1501 1539 
1461 1500 1540 
1463 1503 1541 
1464 1502 1504 1542 
1465 1503 1505 1543 
1466 1504 1506 1544 
1467 1505 1507 1545 
1468 1506 1508 1546 
1469 1507 1509 1547 
1470 1508 1510 1548 
1471 1509 1511 1549 
1472 1510 1512 1550 
1473 1511 1513 1551 
1474 1512 1514 1552 
1475 1513 1553 
1476 1516 1554 
1477 1515 1517 1555 
1478 1516 1518 1556 
1479 1517 1519 1557 
1480 1518 1520 1558 
1481 1519 1521 1559 
1482 1520 1522 1560 
1483 1521 1523 1561 
1484 1522 1524 1562 
1485 1523 1563 
1486 1526 1564 
1487 1525 1527 1565 
1488 1526 1528 1566 
1489 1527 1529 1567 
1490 1528 1530 1568 
1491 1529 1531 1569 
1492 1530 1532 1570 
1493 1531 1533 1571 
1494 1532 1534 1572 
1495 1533 1535 1573 
1496 1534 1536 1574 
1497 1535 1537 1575 
1498 1536 1538 1576 
1499 1537 1539 1577 
1500 1538 1540 1578 
1501 1539 1579 
1502 1542 1581 
1503 1541 1543 1582 
1504 1542 1544 1583 
1505 1543 1545 1584 
1506 1544 1546 1585 
1507 1545 1547 1586 
1508 1546 1548 1587 
1509 1547 1549 1588 
1510 1548 1550 1589 
1511 1549 1551 1590 
1512 1550 1552 1591 
1513 1551 1553 1592 
1514 1552 1593 
1515 1555 1598 
1516 1554 1556 
1517 1555 1557 1599 
1518 1556 1558 1600 
1519 1557 1559 1601 
1520 1558 1560 1602 
1521 1559 1561 1603 
1522 1560 1562 1604 
1523 1561 1563 1605 
1524 1562 1606 
1525 1565 1607 
1526 1564 1566 1608 
1527 1565 1567 1609 
1528 1566 1568 1610 
1529 1567 1569 1611 
1530 1568 1570 1612 
1531 1569 1571 1613 
1532 1570 1572 1614 
1533 1571 1573 1615 
1534 1572 1574 1616 
1535 1573 1575 1617 
1536 1574 1576 1618 
1537 1575 1577 1619 
1538 1576 1578 1620 
1539 1577 1579 1621 
1540 1578 1580 1622 
1579 1581 1623 
1541 1580 1582 1624 
1542 1581 1583 1625 
1543 1582 1584 1626 
1544 1583 1585 1627 
1545 1584 1586 1628 
1546 1585 1587 1629 
1547 1586 1588 1630 
1548 1587 1589 1631 
1549 1588 1590 1632 
1550 1589 1591 1633 
1551 1590 1592 1634 
1552 1591 1593 1635 
1553 1592 1594 1636 
1593 1595 1637 
1594 1596 1638 
1595 1597 1639 
1596 1598 1640 
1554 1597 1641 
1556 1600 1643 
1557 1599 1601 1644 
1558 1600 1602 1645 
1559 1601 1603 1646 
1560 1602 1604 1647 
1561 1603 1605 1648 
1562 1604 1606 1649 
1563 1605 1650 
1564 1608 1651 
1565 1607 1609 1652 
1566 1608 1610 1653 
1567 1609 1611 1654 
1568 1610 1612 1655 
1569 1611 1613 1656 
1570 1612 1614 1657 
1571 1613 1615 1658 
1572 1614 1616 1659 
1573 1615 1617 1660 
1574 1616 1618 1661 
1575 1617 1619 1662 
1576 1618 1620 1663 
1577 1619 1621 1664 
1578 1620 1622 1665 
1579 1621 1623 1666 
1580 1622 1624 1667 
1581 1623 1625 1668 
1582 1624 1626 1669 
1583 1625 1627 1670 
1584 1626 1628 1671 
1585 1627 1629 1672 
1586 1628 1630 1673 
1587 1629 1631 1674 
1588 1630 1632 1675 
1589 1631 1633 1676 
1590 1632 1634 1677 
1591 1633 1635 
1592 1634 1636 1678 
1593 1635 1637 1679 
1594 1636 1638 
1595 1637 1639 
1596 1638 1640 1680 
1597 1639 1641 1681 
1598 1640 1642 
1641 1643 1682 
1599 1642 1644 1683 
1600 1643 1645 
1601 1644 1646 1684 
1602 1645 1647 1685 
1603 1646 1648 1686 
1604 1647 1649 1687 
1605 1648 1650 1688 
1606 1649 1689 
1607 1652 1690 
1608 1651 1653 1691 
1609 1652 1654 1692 
1610 1653 1655 1693 
1611 1654 1656 1694 
1612 1655 1657 1695 
1613 1656 1658 1696 
1614 1657 1659 1697 
1615 1658 1660 1698 
1616 1659 1661 1699 
1617 1660 1662 1700 
1618 1661 1663 1701 
1619 1662 1664 1702 
1620 1663 1665 1703 
1621 1664 1666 1704 
1622 1665 1667 1705 
1623 1666 1668 1706 
1624 1667 1669 1707 
1625 1668 1670 1708 
1626 1669 1671 1709 
1627 1670 1672 1710 
1628 1671 1673 1711 
1629 1672 1674 1712 
1630 1673 1675 1713 
1631 1674 1676 1714 
1632 1675 1677 1715 
1633 1676 1716 
1635 1679 1717 
1636 1678 1718 
1639 1681 1719 
1640 1680 1720 
1642 1683 1721 
1643 1682 1722 
1645 1685 1723 
1646 1684 1686 1724 
1647 1685 1687 1725 
1648 1686 1688 1726 
1649 1687 1689 1727 
1650 1688 1728 
1651 1691 
1652 1690 1692 
1653 1691 1693 
1654 1692 1694 
1655 1693 1695 
1656 1694 1696 
1657 1695 1697 
1658 1696 1698 
1659 1697 1699 
1660 1698 1700 
1661 1699 1701 
1662 1700 1702 
1663 1701 1703 
1664 1702 1704 
1665 1703 1705 
1666 1704 1706 
1667 1705 1707 
1668 1706 1708 
1669 1707 1709 
1670 1708 1710 
1671 1709 1711 
1672 1710 1712 
1673 1711 1713 
1674 1712 1714 
1675 1713 1715 
1676 1714 1716 
1677 1715 
1678 1718 
1679 1717 
1680 1720 
1681 1719 
1682 1722 
1683 1721 
1684 1724 
1685 1723 1725 
1686 1724 1726 
1687 1725 1727 
1688 1726 1728 
1689 1727 
